-0.000117373, -0.000308442, 8.38162e-09, 0.000627198, 0.000611342, -0.000128203, 0;
-0.000571452, 0.000280643, 0.00063279, 0.000733789, -1.19518e-05, 0.000311932, 0;
-0.0014002, 0.000560861, 0.00107734, 0.001185, -0.000124723, 0.000511782, 0;
-0.00251712, 0.000794885, 0.00216066, 0.000609036, 0.000418378, 9.87118e-06, 0;
-0.0033286, 0.00117401, 0.00313219, 0.000473993, 0.000411508, 0.000278762, 0;
-0.00457126, 0.00142271, 0.00451292, -1.78395e-05, 0.000126398, -0.000411185, 0;
-0.00547475, 0.00174009, 0.00540976, 0.000174548, 0.000142513, -0.000391239, 0;
-0.00612858, 0.00188474, 0.00627082, 0.000434429, 0.000268478, -0.000570026, 0;
-0.00663865, 0.00212644, 0.00670393, 0.000584555, 1.84288e-05, -0.000779663, 0;
-0.00706572, 0.00243375, 0.00706172, 0.00100133, -8.57523e-05, -0.000632691, 0;
-0.00756123, 0.00278249, 0.00798779, 0.000946667, 0.00022034, -0.000452797, 0;
-0.00762408, 0.00283798, 0.00842041, 0.00118348, 0.000200919, -0.000610172, 0;
-0.00792081, 0.00311198, 0.00920431, 0.00108633, 0.000409248, -0.000490021, 0;
-0.00807445, 0.00317581, 0.0100134, 0.00098001, 0.000512374, -0.000732403, 0;
-0.00791909, 0.00371072, 0.0107702, 0.00120332, 0.000830105, -0.000828428, 0;
-0.00780054, 0.00393945, 0.011528, 0.000963511, 0.00099531, -0.000669275, 0;
-0.00742007, 0.00407381, 0.0121633, 0.000908907, 0.000820365, -0.000656621, 0;
-0.0069714, 0.00402741, 0.0127484, 0.00063535, 0.000702593, -0.000865073, 0;
-0.00633464, 0.00403177, 0.0129954, 0.00043176, 0.00105795, -0.000840328, 0;
-0.00577459, 0.00383151, 0.0133567, 1.31364e-05, 0.00152323, -0.000889283, 0;
-0.00527521, 0.00351473, 0.0138243, -3.29281e-05, 0.00159692, -0.000876731, 0;
-0.00475286, 0.00345404, 0.0143447, -5.04861e-05, 0.00133468, -0.000744244, 0;
-0.00432119, 0.00351699, 0.0150859, -0.000136134, 0.00091804, -0.000613148, 0;
-0.00371745, 0.0034059, 0.015415, 0.000180109, 0.00101717, -0.000628809, 0;
-0.00307051, 0.00316736, 0.0154488, 0.000503271, 0.00076856, -0.000593413, 0;
-0.0024456, 0.00273065, 0.0155002, 0.00019714, 0.000313481, -0.000768998, 0;
-0.00196049, 0.00197023, 0.0157514, -5.1469e-05, -0.000697514, -0.000554709, 0;
-0.00140994, 0.00162901, 0.0156046, -0.00015536, -0.000810972, -0.000672735, 0;
-0.00106256, 0.00158632, 0.0158377, -0.000115491, -0.000890735, -0.000803045, 0;
-0.000342041, 0.00103939, 0.0157481, -0.000232706, 0.00135294, -0.000947961, 0;
-0.000141532, 0.000836609, 0.0163336, -0.000245046, 0.00100114, -0.000698671, 0;
-0.000125958, 0.000702453, 0.0167041, -7.92175e-05, -9.10204e-05, -0.000847814, 0;
-0.000143945, 0.000885959, 0.0166974, -6.05428e-05, -0.000782281, -0.000809904, 0;
0.00040987, 5.28198e-05, 0.0162508, 0.000295734, -0.000495176, -7.34684e-05, 0;
0.00079329, 6.85908e-05, 0.0165627, 0.000616436, -0.000579047, -0.000423984, 0;
0.00126209, -0.000413835, 0.016515, 0.000302678, -0.000676757, 0.000235705, 0;
0.00180869, -0.000464268, 0.0164176, 0.000258028, -0.000562147, -0.000128462, 0;
0.00239395, -0.000425989, 0.0164389, -0.000117361, -0.000815329, 5.05147e-05, 0;
0.00266824, -0.000366748, 0.0165911, -0.000125186, -0.00175399, -0.000285598, 0;
0.00282308, -0.000616928, 0.0164991, -0.000255769, -0.000899211, -0.00015653, 0;
0.0031538, -0.000665397, 0.0165896, 4.84458e-05, 0.000293879, 8.98365e-06, 0;
0.00294554, 1.07011e-05, 0.0170629, -3.73749e-06, 0.00034478, 1.84858e-05, 0;
0.00234812, -0.000369994, 0.0166527, -2.19166e-05, -0.000604729, 0.000261601, 0;
0.00191496, -0.000374509, 0.0161262, 7.08283e-05, -0.00103258, -0.000122234, 0;
0.00260106, -0.00175011, 0.0152917, -0.000127617, -0.000388602, -0.000362882, 0;
0.00340802, -0.00278662, 0.0152514, 0.000242781, -0.000493926, 3.74444e-05, 0;
5.49836e-06, 0.000384761, 0.0142045, 9.97259e-05, -0.00139632, -0.000285701, 0;
0.000435227, -4.93062e-05, 0.0145814, 0.000514982, -0.00219259, -0.000290254, 0;
0.000796345, -0.000570516, 0.0144906, 0.000959815, -0.00103614, -4.17918e-05, 0;
0.000915284, -0.0030405, 0.0137566, 0.000638965, -0.000617533, -0.000780502, 0;
-0.000825847, -0.00127668, 0.0136261, 0.000865895, -0.000450055, -0.000236404, 0;
-0.00367325, 0.00136091, 0.0142386, 0.000325991, -0.000396314, -0.00102338, 0;
-0.00158016, 0.000431695, 0.0141295, 5.39993e-05, -0.000167776, -0.00128888, 0;
-0.000121143, -0.000474492, 0.0153677, 8.47404e-05, -0.00056697, -0.000924193, 0;
0.00113127, -0.00230917, 0.016614, 0.000290352, -0.000644964, -0.000212162, 0;
0.00280953, -0.00310694, 0.0175473, -0.000571864, -0.00180265, -0.00100989, 0;
0.00216412, -0.00179033, 0.0172334, -0.000429243, -0.00252081, -0.000500479, 0;
0.00444309, -0.0014848, 0.0177331, -0.000298188, -0.00317637, -0.000623185, 0;
0.00595352, -0.00180332, 0.017975, -0.000638645, -0.00208787, -0.000801868, 0;
0.00770157, -0.00235165, 0.0179849, -0.000141008, -0.00365873, 0.000539252, 0;
0.00565827, -0.00132353, 0.0183896, 0.000240387, -0.00332755, 0.00122768, 0;
0.00784453, -0.0014723, 0.0174784, -8.26618e-05, -0.00266054, 0.000882007, 0;
0.00821616, -0.00237832, 0.0174145, -0.000345886, -0.00250444, 0.000197253, 0;
0.00683437, -0.00307228, 0.0175579, -0.000650378, -0.00354083, -0.000731543, 0;
0.00479722, -0.00056416, 0.0178817, 0.000173351, -0.00398186, 0.000219429, 0;
0.00640309, -0.00116998, 0.0192678, 0.000482422, -0.00288231, 0.000938536, 0;
0.00930217, -0.00287299, 0.0186421, 0.000399571, -0.00292818, 0.000482733, 0;
0.0106433, -0.00264959, 0.017495, 0.000523586, -0.00337081, 0.00221272, 0;
0.0111841, -0.0010059, 0.0178922, -0.000617547, -0.00140254, -0.00127014, 0;
0.0109246, -0.00100538, 0.0184327, -0.000997045, -0.00222976, -0.00110277, 0;
0.0106964, 0.00154145, 0.0192075, -0.000567085, -0.00331684, -0.000969369, 0;
0.0139981, 0.00137202, 0.0175358, -0.000488651, -0.00077178, -0.000877969, 0;
0.0139598, -0.00117767, 0.0171297, -0.000902442, -0.00149681, -0.00163468, 0;
0.0123801, -0.0029038, 0.0184282, 0.00189071, -0.00375884, 0.000950702, 0;
0.0142984, -0.00241722, 0.0185449, 0.00488756, -0.00399782, 0.000792592, 0;
0.017168, -0.00405278, 0.0192853, 0.00627593, -0.00205135, 0.00277568, 0;
0.0182473, -0.00288113, 0.0199842, 0.00470545, -0.00292058, 0.000789593, 0;
0.0195709, -0.00201047, 0.0198417, 0.00401341, -0.00669094, 0.00149232, 0;
0.019098, -0.00188882, 0.019668, 0.00647256, -0.013628, 0.000336535, 0;
0.0221335, -0.00229253, 0.0187515, 0.00681272, -0.0202073, -0.00164477, 0;
0.0189678, -0.00227357, 0.0179743, 0.00683451, -0.025398, -0.000231491, 0;
0.018403, -0.000770817, 0.0160563, 0.00766627, -0.0160002, 0.00472498, 0;
0.0193769, 0.0010593, 0.0154487, 0.00546599, -0.0134288, 0.00155645, 0;
0.0179686, -1.56943e-05, 0.0140392, 0.00261892, -0.0169613, -0.00188291, 0;
0.0161578, 0.00117367, 0.012662, 0.00226141, -0.0179016, -0.000474903, 0;
0.0138819, -0.00128419, 0.0133738, 0.00261375, -0.0150602, 0.0021691, 0;
0.0135354, 0.00134693, 0.0152838, 0.00316106, -0.0110945, 0.00167973, 0;
0.010579, 0.00078988, 0.0191328, 0.00485691, -0.0053566, 0.004497, 0;
0.00959974, -0.00129614, 0.0257215, 0.00604937, -0.00304273, 0.00719685, 0;
0.0111653, -3.20953e-05, 0.0349569, 0.00564703, -0.000891042, 0.0072066, 0;
0.0134433, 0.00192161, 0.0427057, 0.00547897, -0.00037008, 0.00603729, 0;
0.0112936, -0.00151827, 0.0470581, 0.00485361, -0.00179056, 0.00631138, 0;
0.0102116, 0.000286127, 0.0474377, 0.00404816, -0.00216167, 0.00663758, 0;
0.0124696, -0.000721281, 0.0411361, 0.00380601, -0.002047, 0.00477241, 0;
0.0137903, -0.000385958, 0.0325551, 0.00280722, -0.00144547, 0.00195001, 0;
0.015914, -2.15311e-05, 0.0229236, 0.00286949, -0.00267657, 0.00114681, 0;
0.0123009, 0.000414334, 0.0161718, 0.00257665, -0.00394009, 0.000314645, 0;
0.0138798, 0.000610025, 0.00991895, 0.00179757, -0.00561454, -0.000142438, 0;
0.0157901, 0.00317092, 0.00696425, 0.00217925, -0.00299015, 0.000812913, 0;
0.0141395, 0.00334281, 0.00645547, 0.00183268, -0.00469195, 0.00107363, 0;
0.0146632, 0.00329594, 0.00619523, 0.00371563, -0.00640487, 0.00359469, 0;
0.0135569, 0.000935123, 0.00552114, 0.00294942, -0.00503712, 0.00293372, 0;
0.0129391, 0.00444821, 0.0067513, 0.00248955, -0.0067841, 0.000143414, 0;
0.00981704, 0.00725544, 0.00863211, 0.00350033, -0.00633531, 0.000716431, 0;
0.00770679, 0.0050108, 0.010524, 0.00269951, -0.00489386, -0.00050651, 0;
0.00768755, 0.0057003, 0.011981, 0.00247142, -0.00398547, -0.00102987, 0;
0.00548657, 0.00411472, 0.01356, 0.00342996, -0.00129558, 0.00281892, 0;
0.00493382, 0.00317465, 0.016288, 0.00354544, 0.00497035, 0.00289455, 0;
0.00461945, 0.00259788, 0.0186688, 0.00318931, 0.0177243, 0.00359856, 0;
0.00424587, 0.00454945, 0.0223034, 0.00364209, 0.0246463, 0.00346135, 0;
0.00687311, 0.00414172, 0.0230903, 0.00519555, 0.0239042, 0.0113354, 0;
0.0101476, 0.00532544, 0.0216164, 0.00639663, 0.0130548, 0.0166774, 0;
0.0108697, 0.00170409, 0.0209588, 0.00657092, -0.000678325, 0.0214421, 0;
0.0135616, 0.00203336, 0.0198081, 0.00613598, -0.0123168, 0.0215015, 0;
0.0131746, 0.00245557, 0.019448, 0.00536034, -0.0197422, 0.0189173, 0;
0.0136374, 0.00577791, 0.0193216, 0.00495325, -0.0229158, 0.0119414, 0;
0.0144004, 0.00681624, 0.0212292, 0.00480932, -0.0262834, 0.000842243, 0;
0.0150789, 0.00590593, 0.0234442, 0.00655158, -0.0228884, -0.0115477, 0;
0.0146216, 0.00538251, 0.0235537, 0.0093529, -0.022531, -0.0281938, 0;
0.0117878, 0.00446405, 0.0235036, 0.0171786, -0.0216649, -0.0334357, 0;
0.00728621, 0.0025179, 0.023446, 0.0250051, -0.0186301, -0.0309404, 0;
0.00496984, 0.00165602, 0.0231089, 0.0333346, -0.0166847, -0.0287718, 0;
0.0042604, -0.00229171, 0.0225798, 0.0403188, -0.0129018, -0.0248372, 0;
0.00215617, -0.00437989, 0.0225, 0.0443015, -0.00794123, -0.0221854, 0;
0.000175807, -0.00374442, 0.0224561, 0.0474731, -0.00103991, -0.0159326, 0;
-2.47024e-05, -0.00298871, 0.0223278, 0.0460302, 0.000115207, -0.0146533, 0;
0.000923246, -0.00303392, 0.0218595, 0.0419941, -0.000468452, -0.0109538, 0;
0.00107714, 0.000632393, 0.0217406, 0.0349351, 0.00226457, -0.00644505, 0;
0.00170506, 0.0023864, 0.0214174, 0.0263737, 0.00135862, -0.0035399, 0;
0.00177882, 0.00371435, 0.0201049, 0.0220253, 0.00185138, 0.0025661, 0;
0.0030054, 0.00552389, 0.0201874, 0.0155462, 0.0024124, 0.00160589, 0;
0.00269921, 0.00475107, 0.0210015, 0.00956273, 0.00119484, 0.00187771, 0;
0.00395597, 0.0026095, 0.0207895, 0.00765852, 0.000727784, 0.00393234, 0;
0.0050707, 0.000795941, 0.0206523, 0.00842924, 0.00274061, 0.000328675, 0;
0.00598154, -0.000829925, 0.0218869, 0.0117408, 0.00436917, 0.000381743, 0;
0.00652119, -0.00135848, 0.0229662, 0.0149274, 0.00564578, -0.00206023, 0;
0.00504743, -0.00456007, 0.0228861, 0.019558, 0.00461726, -0.000645918, 0;
0.00608994, -0.00556283, 0.0216899, 0.0239752, 0.00495089, 0.000450807, 0;
0.00604052, -0.00638848, 0.0222916, 0.0296329, 0.0055525, -0.000924358, 0;
0.0089088, -0.00797915, 0.0211749, 0.033682, 0.00443312, -0.00205327, 0;
0.00974484, -0.00794793, 0.0196567, 0.0387157, 0.0037545, -0.00398008, 0;
0.0119773, -0.00915844, 0.0198269, 0.0439884, 0.00164906, -0.00576091, 0;
0.0100161, -0.00919898, 0.0199419, 0.0483899, 0.00605388, -0.00175349, 0;
0.0123254, -0.00956146, 0.0193085, 0.0504223, 0.00507165, 6.69503e-05, 0;
0.012655, -0.00842696, 0.0190122, 0.0507707, 0.00731884, -0.000820505, 0;
0.0114791, -0.0064332, 0.0186183, 0.0509783, 0.00584927, -0.000152834, 0;
0.00973875, -0.0025783, 0.0199148, 0.051777, 0.00525568, 0.00249876, 0;
0.00818817, -0.00348882, 0.0200702, 0.0502239, 0.00872135, 0.00508308, 0;
0.00671556, -0.0035694, 0.0207121, 0.048212, 0.00702824, 0.00460289, 0;
0.00689407, -0.0045768, 0.018844, 0.0457564, 0.00708233, 0.00510235, 0;
0.00747243, -0.00899787, 0.0179543, 0.043405, 0.00635577, 0.0111395, 0;
0.00909267, -0.0094634, 0.0172258, 0.040092, 0.00472609, 0.00990212, 0;
0.00753318, -0.0122864, 0.0184264, 0.0388029, 0.00437949, 0.0127156, 0;
0.00387545, -0.011209, 0.0190917, 0.03832, 0.00412439, 0.0141083, 0;
0.00281321, -0.0133126, 0.0195545, 0.0373394, 0.00491623, 0.0136263, 0;
0.00185752, -0.0152115, 0.0198903, 0.0349297, 0.00312771, 0.0106, 0;
0.00109574, -0.0158443, 0.0206887, 0.0356438, 0.00317091, 0.0177688, 0;
-0.000576736, -0.0178563, 0.0222741, 0.0351892, 0.00403125, 0.0175578, 0;
-0.000559275, -0.0189259, 0.022303, 0.0340506, 0.00334951, 0.0149391, 0;
-0.000143191, -0.0178352, 0.0231665, 0.0328338, 0.000143516, 0.0166755, 0;
0.00121484, -0.0159756, 0.0223657, 0.0297333, -0.00304246, 0.0134, 0;
-0.000156249, -0.0135975, 0.0211234, 0.0271128, -0.00704418, 0.0100701, 0;
-0.000656789, -0.0148057, 0.0214687, 0.0251931, -0.004287, 0.00792617, 0;
-0.00345633, -0.0149185, 0.0207405, 0.0250624, -0.0023873, 0.0118496, 0;
-0.00296731, -0.0141387, 0.0207152, 0.0230237, -0.0054304, 0.0075373, 0;
-0.00269192, -0.014446, 0.0197772, 0.0235188, -0.00579746, 0.0108306, 0;
-0.00390246, -0.0139624, 0.0201898, 0.0251325, -0.00807984, 0.0176243, 0;
-0.00778365, -0.0134524, 0.0199645, 0.0245051, -0.00923965, 0.0157977, 0;
-0.00819747, -0.0115884, 0.0190677, 0.0240301, -0.00617379, 0.0147098, 0;
-0.00892785, -0.0112502, 0.0174514, 0.0236417, -0.00638768, 0.0128359, 0;
-0.00969241, -0.00791033, 0.018326, 0.0218151, -0.00767541, 0.00824575, 0;
-0.0104603, -0.00726801, 0.0164202, 0.0213367, -0.00559903, 0.00961437, 0;
-0.0139566, -0.00553345, 0.0152777, 0.0209481, -0.00687603, 0.0109709, 0;
-0.0155271, -0.00344816, 0.0164539, 0.0216722, -0.0077096, 0.0139837, 0;
-0.0165845, -0.00276454, 0.0166632, 0.0207183, -0.0069486, 0.0154995, 0;
-0.0158011, -0.00131278, 0.0164012, 0.0208168, -0.00902881, 0.0165332, 0;
-0.0168158, -0.0035672, 0.0159674, 0.0203719, -0.00818049, 0.0215912, 0;
-0.0188064, -0.00415746, 0.0171699, 0.0189886, -0.00222936, 0.0223666, 0;
-0.0172359, -0.00270327, 0.0179742, 0.0187005, -0.000130913, 0.0265284, 0;
-0.0187582, -0.00155248, 0.0180628, 0.018381, -0.000182856, 0.0317816, 0;
-0.0192365, -0.00165875, 0.0182197, 0.0151262, -0.000857349, 0.0344411, 0;
-0.0156435, -0.00432489, 0.0180055, 0.00933056, -0.00243756, 0.0384293, 0;
-0.0134727, -0.00502447, 0.0189612, 9.76235e-05, -0.00910973, 0.0343478, 0;
-0.00900421, -0.00384645, 0.0198292, -0.00523865, -0.0120888, 0.0358245, 0;
-0.00668817, -0.00515904, 0.0183147, -0.0127874, -0.0198152, 0.0314034, 0;
-0.00395036, -0.00268435, 0.017246, -0.0161122, -0.0232771, 0.0327486, 0;
-0.00508337, -0.00165901, 0.0175674, -0.019545, -0.025039, 0.0326651, 0;
-0.00665962, 0.00066941, 0.0180675, -0.0231666, -0.0223846, 0.0308164, 0;
-0.00684383, 0.000962781, 0.0189518, -0.0257955, -0.0151224, 0.0316221, 0;
-0.00897622, 0.00113099, 0.0193895, -0.0284129, -0.00856431, 0.0302636, 0;
-0.00974698, 0.00350279, 0.0205742, -0.0297688, -0.00778005, 0.0307221, 0;
-0.011304, 0.00521463, 0.0195011, -0.0329082, -0.00997322, 0.0248156, 0;
-0.0115811, 0.00424351, 0.0176766, -0.0363953, -0.0127024, 0.0194753, 0;
-0.011023, 0.00661444, 0.0165724, -0.0369863, -0.0134603, 0.0158246, 0;
-0.010138, 0.00382855, 0.0145622, -0.0356751, -0.0145996, 0.0194968, 0;
-0.0120438, 0.00361181, 0.0133759, -0.0339627, -0.0180546, 0.0241376, 0;
-0.0142139, 0.00531995, 0.0126337, -0.0282986, -0.0206642, 0.0382485, 0;
-0.0157304, 0.00274541, 0.012084, -0.024229, -0.0222388, 0.0475695, 0;
-0.0160276, 0.0017125, 0.0135866, -0.0218464, -0.0224812, 0.0516985, 0;
-0.0152881, 0.00459973, 0.0136128, -0.0211617, -0.0253604, 0.0531503, 0;
-0.0173927, 0.00636819, 0.0153756, -0.0225548, -0.0281102, 0.0514193, 0;
-0.0144387, 0.00852985, 0.0152378, -0.0224119, -0.0274793, 0.050176, 0;
-0.0118677, 0.00985535, 0.0146872, -0.0221566, -0.0264264, 0.0462226, 0;
-0.00680378, 0.00978063, 0.016753, -0.0184665, -0.0267155, 0.041934, 0;
-0.00551093, 0.011557, 0.0151698, -0.0123181, -0.0296623, 0.0349488, 0;
-0.00456982, 0.0120264, 0.0177798, -0.00562332, -0.0301959, 0.0271968, 0;
-0.00565376, 0.0104782, 0.0172401, 0.000569507, -0.0325403, 0.0171244, 0;
-0.00440138, 0.00990464, 0.0179846, 0.00665649, -0.0329001, 0.00690383, 0;
-0.00611577, 0.0143195, 0.0182104, 0.0149786, -0.0324227, 0.00231752, 0;
-0.0059025, 0.0158092, 0.0171704, 0.022453, -0.0311135, 0.00115904, 0;
-0.00843959, 0.0180845, 0.015583, 0.0302155, -0.0233952, 0.00783244, 0;
-0.0116064, 0.0205836, 0.0134872, 0.0350466, -0.0133987, 0.0118604, 0;
-0.0126176, 0.0201757, 0.0140014, 0.0352363, -0.00151927, 0.0149994, 0;
-0.00938241, 0.0196127, 0.014062, 0.0295382, 0.00630469, 0.0108613, 0;
-0.00477793, 0.0149439, 0.0139932, 0.0212293, 0.0119978, 0.0080358, 0;
-0.00259088, 0.0102436, 0.0115872, 0.014114, 0.0160553, 0.00890884, 0;
-0.000770403, 0.00552416, 0.0053248, 0.00807507, 0.0174863, 0.0181694, 0;
-0.00116359, 0.00302196, 0.00121144, 0.00330964, 0.0133301, 0.0260609, 0;
-0.00313615, -6.86481e-05, -0.000648798, -0.000565629, 0.00779042, 0.0286493, 0;
-0.0016832, -0.00100544, 0.000780989, -0.00481389, 0.000741648, 0.0281625, 0;
0.0020147, -0.00415345, 0.00473737, -0.00781036, -0.00423385, 0.0315629, 0;
0.00629097, -0.00107827, 0.0105574, -0.00698014, -0.00626842, 0.0338323, 0;
0.00815893, -0.00524125, 0.0163627, -0.0071978, -0.00630159, 0.0364411, 0;
0.0070377, -0.00571771, 0.0204609, -0.00758183, -0.0113826, 0.039157, 0;
0.0055855, -0.0070457, 0.023389, -0.00775907, -0.0161008, 0.0458121, 0;
6.58194e-05, -0.00439626, 0.0234144, -0.00478253, -0.0125661, 0.0534699, 0;
-0.00109275, -0.00429142, 0.0261303, -0.00405027, -0.0107424, 0.0620429, 0;
-0.00167592, -0.00185701, 0.026387, -0.00541548, -0.0107046, 0.0624729, 0;
-0.00495074, -0.000733874, 0.0263088, -0.00594835, -0.00976708, 0.0613737, 0;
-0.00661514, 0.000696582, 0.0271326, -0.00784746, -0.0131798, 0.0569235, 0;
-0.0066194, 0.00246346, 0.0276116, -0.0124172, -0.0115443, 0.0438538, 0;
-0.00504164, 0.00342496, 0.026197, -0.0158989, -0.0105954, 0.0314343, 0;
-0.00531944, 0.00399694, 0.0248949, -0.0185581, -0.0107178, 0.0243285, 0;
-0.00511984, 0.0041607, 0.0230878, -0.0175201, -0.0103949, 0.0268902, 0;
-0.00631272, 0.0045843, 0.0213355, -0.0165853, -0.0134808, 0.0332098, 0;
-0.00701433, 0.00455877, 0.019659, -0.0141286, -0.0162038, 0.0415114, 0;
-0.00548488, 0.00519016, 0.0173847, -0.0147193, -0.0177251, 0.0395502, 0;
-0.00642745, 0.00625022, 0.0173713, -0.0145245, -0.0173333, 0.0402061, 0;
-0.00677377, 0.00778373, 0.0182411, -0.014466, -0.0195469, 0.0390971, 0;
-0.00730937, 0.00964757, 0.0161461, -0.0133352, -0.0224438, 0.0379491, 0;
-0.00389459, 0.0122129, 0.0149575, -0.0112424, -0.0255954, 0.0295363, 0;
-0.00136739, 0.0164085, 0.0137468, -0.00410142, -0.0324246, 0.023179, 0;
-3.29386e-05, 0.0184002, 0.0124842, 0.00320353, -0.0380663, 0.0214036, 0;
-0.000385149, 0.0202165, 0.0129512, 0.00853844, -0.0334046, 0.0184948, 0;
-0.000564857, 0.0200005, 0.0146661, 0.0113376, -0.0181149, 0.0204373, 0;
0.00173437, 0.0230684, 0.0167032, 0.00888966, -0.00390646, 0.0212465, 0;
0.00203865, 0.0248933, 0.0178009, 0.00516137, 0.0011206, 0.0234205, 0;
0.000644387, 0.0227931, 0.0153699, 0.00265673, -0.000535086, 0.0275438, 0;
-0.00139121, 0.0198467, 0.0141287, 8.43505e-05, -0.00833931, 0.0294399, 0;
-0.00159477, 0.0191603, 0.0136075, -0.00254721, -0.0130454, 0.0289182, 0;
-0.00501594, 0.0206775, 0.012554, -0.00563023, -0.0200194, 0.0291368, 0;
-0.00568713, 0.0177843, 0.0116671, -0.00748463, -0.0284296, 0.0304888, 0;
-0.00618319, 0.0160194, 0.0109831, -0.011883, -0.0352614, 0.0228115, 0;
-0.00539524, 0.0166935, 0.0114113, -0.0141224, -0.0359, 0.0211298, 0;
-0.00984845, 0.0162079, 0.0112167, -0.0179726, -0.0307856, 0.0165991, 0;
-0.011287, 0.0173253, 0.0127763, -0.0204509, -0.0257341, 0.0145004, 0;
-0.0146831, 0.0182166, 0.0133636, -0.0230234, -0.022727, 0.0124102, 0;
-0.0145139, 0.0186044, 0.0118356, -0.0244071, -0.0197256, 0.00455234, 0;
-0.0172687, 0.0222, 0.0120828, -0.0193197, -0.0156196, 0.00365408, 0;
-0.0197169, 0.0225698, 0.0124636, -0.0115385, -0.0166455, 0.000463041, 0;
-0.0214919, 0.0237999, 0.0144233, -0.00148934, -0.0147591, -0.00112244, 0;
-0.0227828, 0.0247228, 0.0154066, 0.00808167, -0.0118913, -0.00136459, 0;
-0.0254256, 0.0222349, 0.0157906, 0.0154293, -0.0137965, 0.000822897, 0;
-0.0268759, 0.0193494, 0.0153839, 0.0218919, -0.0187523, 0.00286012, 0;
-0.0285112, 0.0205978, 0.0144071, 0.030464, -0.026332, 0.00786421, 0;
-0.0278936, 0.0207126, 0.0139642, 0.0388998, -0.0291873, 0.0138261, 0;
-0.0252736, 0.021603, 0.0141976, 0.0460466, -0.0292451, 0.0173044, 0;
-0.0233863, 0.020536, 0.0148639, 0.0509027, -0.0319082, 0.0190846, 0;
-0.0222326, 0.0193885, 0.0150247, 0.0524528, -0.0313436, 0.0170976, 0;
-0.0193944, 0.0172881, 0.0156748, 0.0497178, -0.0298275, 0.0114864, 0;
-0.0151483, 0.0161119, 0.0146995, 0.042948, -0.0274135, 0.00940198, 0;
-0.00918881, 0.0108846, 0.0158948, 0.034199, -0.0229892, 0.0114137, 0;
-0.00677041, 0.00791065, 0.0171891, 0.025729, -0.0191557, 0.0154664, 0;
-0.00311441, 0.00600949, 0.0190599, 0.017903, -0.0160995, 0.0168973, 0;
-0.00086978, 0.004506, 0.0212769, 0.00976775, -0.0173784, 0.0184908, 0;
0.00274959, 0.00333716, 0.025426, 0.00126349, -0.0208391, 0.0169254, 0;
0.00285525, 0.00431775, 0.0261358, -0.00607857, -0.0202656, 0.0143282, 0;
0.00499837, 0.00809869, 0.0260655, -0.0112989, -0.0212794, 0.0137725, 0;
0.00550948, 0.00987914, 0.0215351, -0.0164257, -0.0209993, 0.0140014, 0;
0.00474492, 0.011519, 0.0134232, -0.0197388, -0.0219994, 0.0139584, 0;
0.0020414, 0.013222, 0.0066673, -0.0229435, -0.0215622, 0.0142607, 0;
0.000658011, 0.0117867, 0.00121702, -0.0249488, -0.0194909, 0.0131213, 0;
-0.00251048, 0.0105335, -0.000971847, -0.0228725, -0.0205089, 0.0215738, 0;
-0.00819874, 0.0108943, -0.00116315, -0.0217664, -0.0218097, 0.030549, 0;
-0.0136423, 0.00938103, 0.00302262, -0.0205732, -0.0203567, 0.0345806, 0;
-0.0202062, 0.00815248, 0.0086474, -0.0172596, -0.0209418, 0.0360957, 0;
-0.0267669, 0.00649715, 0.0152389, -0.0115278, -0.0195387, 0.0374877, 0;
-0.0291145, 0.00550615, 0.0215474, -0.00746082, -0.0173071, 0.0321024, 0;
-0.0252973, 0.00535292, 0.0259444, -0.00435378, -0.0146057, 0.0231441, 0;
-0.0235321, 0.00624934, 0.0279314, -6.07717e-05, -0.0131478, 0.0188704, 0;
-0.0241336, 0.00712925, 0.0296116, 0.00449541, -0.012949, 0.0193763, 0;
-0.021638, 0.00698652, 0.0278411, 0.00555576, -0.0113981, 0.0219193, 0;
-0.022958, 0.00631198, 0.0227878, 0.0037802, -0.0128653, 0.0230236, 0;
-0.0213206, 0.00797291, 0.0185022, 0.00413168, -0.0128406, 0.0217728, 0;
-0.0219423, 0.00841931, 0.0138552, 0.00717951, -0.0114554, 0.0212307, 0;
-0.0167734, 0.0084382, 0.0126584, 0.011852, -0.0131321, 0.0199952, 0;
-0.0164986, 0.00750994, 0.0112715, 0.0149222, -0.0116629, 0.0160214, 0;
-0.0156274, 0.00783836, 0.0116476, 0.0175352, -0.00819191, 0.0122545, 0;
-0.0159888, 0.00811926, 0.0116778, 0.0195803, -0.006642, 0.0109766, 0;
-0.0157131, 0.0100697, 0.0119639, 0.0212453, -0.00461446, 0.011678, 0;
-0.0141734, 0.0119857, 0.0123429, 0.0186106, -0.0059199, 0.0104255, 0;
-0.0147463, 0.01295, 0.0126094, 0.0142399, -0.00470805, 0.0139882, 0;
-0.0161911, 0.0157117, 0.0111515, 0.00761646, -0.00729082, 0.0168283, 0;
-0.0149804, 0.0162219, 0.00869874, -0.00103332, -0.0138214, 0.0189161, 0;
-0.0182906, 0.0163806, 0.00435039, -0.00793795, -0.0184932, 0.0259223, 0;
-0.0196741, 0.0170078, 0.000940959, -0.0160421, -0.0210631, 0.0270126, 0;
-0.0181829, 0.0170176, -0.00131422, -0.023276, -0.021084, 0.0259667, 0;
-0.0174519, 0.0151966, -0.00340225, -0.0278971, -0.0199769, 0.0298752, 0;
-0.0167653, 0.0151904, -0.00383388, -0.0308986, -0.0199626, 0.0352861, 0;
-0.0164958, 0.0152163, -0.00190513, -0.0344369, -0.025051, 0.0374432, 0;
-0.0155863, 0.0159247, -0.0012234, -0.0377103, -0.0325439, 0.0418426, 0;
-0.0131557, 0.0167413, 0.000520219, -0.0410727, -0.0314402, 0.0424452, 0;
-0.00982059, 0.0161524, 0.0037295, -0.041337, -0.0211015, 0.0443616, 0;
-0.00675086, 0.0146566, 0.0077972, -0.0413662, -0.0159658, 0.0411536, 0;
-0.00647767, 0.0129197, 0.0141738, -0.0402209, -0.014804, 0.0378183, 0;
-0.00895729, 0.010783, 0.0207681, -0.0386646, -0.0126519, 0.0367642, 0;
-0.0111533, 0.00870342, 0.0262629, -0.038511, -0.0107091, 0.0312909, 0;
-0.00969429, 0.00730563, 0.0290644, -0.0357464, -0.012452, 0.0321455, 0;
-0.0144903, 0.00370811, 0.0344156, -0.0324994, -0.0238718, 0.0334753, 0;
-0.0135086, 0.00427921, 0.0336805, -0.02891, -0.0341222, 0.0363963, 0;
-0.0103543, 0.00523673, 0.0341634, -0.0265487, -0.0331164, 0.0341306, 0;
-0.00701451, 0.00545006, 0.0328121, -0.0239395, -0.0345499, 0.0330312, 0;
-0.00585424, 0.00505707, 0.0323055, -0.0202405, -0.0336192, 0.0373594, 0;
-0.00322877, 0.00612515, 0.0298763, -0.0185668, -0.0367223, 0.0384809, 0;
0.00071858, 0.00814625, 0.0267884, -0.0192457, -0.0314579, 0.0347469, 0;
0.00301719, 0.00848922, 0.0250812, -0.020481, -0.0215169, 0.0290216, 0;
0.00418626, 0.00788227, 0.0253633, -0.0196692, -0.0174258, 0.0270635, 0;
0.00619496, 0.00945131, 0.0227563, -0.0188386, -0.0187726, 0.0242095, 0;
0.00725114, 0.0123546, 0.0208791, -0.0205007, -0.0208709, 0.0154572, 0;
0.00511702, 0.0131958, 0.0191718, -0.0216985, -0.0215583, 0.00782987, 0;
0.00320147, 0.0119058, 0.0178696, -0.0229965, -0.0189347, 0.00380908, 0;
0.0025646, 0.0113503, 0.0176884, -0.0220657, -0.0187868, 0.00332635, 0;
0.00241466, 0.0137008, 0.0163088, -0.019225, -0.0203829, 0.00480772, 0;
0.000768341, 0.0128525, 0.0161008, -0.0142764, -0.0180706, 0.0124152, 0;
-0.00164589, 0.0123931, 0.0156522, -0.0112024, -0.012922, 0.0192628, 0;
-0.00394129, 0.0141446, 0.0151873, -0.00843736, -0.0131062, 0.0229971, 0;
-0.00277536, 0.0134788, 0.0143348, -0.00738098, -0.0111877, 0.0249905, 0;
-0.00120376, 0.01303, 0.0143534, -0.00442963, -0.00605051, 0.0311267, 0;
0.000770501, 0.0130181, 0.0135177, -0.00390047, 0.000163427, 0.0319903, 0;
0.00184842, 0.0137054, 0.0123253, -0.00277083, 0.00070693, 0.034426, 0;
0.00241203, 0.0120012, 0.0112818, -0.00568437, -0.000979145, 0.0274341, 0;
0.00237508, 0.012713, 0.00965419, -0.009028, -0.00301534, 0.0263844, 0;
0.00476075, 0.0126582, 0.00860488, -0.0111162, -0.00566383, 0.029092, 0;
0.00491422, 0.0131085, 0.00691022, -0.00670162, -0.00754239, 0.0468853, 0;
0.00556248, 0.0145615, 0.00583717, -0.00426893, -0.0129718, 0.0617074, 0;
0.00812334, 0.0104973, 0.00626871, -0.00297507, -0.0154034, 0.0725281, 0;
0.0100533, 0.00923163, 0.00577662, -0.00357865, -0.0141224, 0.0803155, 0;
0.0106275, 0.00429937, 0.00712102, -0.0111196, -0.0149913, 0.0692059, 0;
0.0122137, 0.00307363, 0.00763581, -0.0182245, -0.0126542, 0.0609554, 0;
0.0166542, 0.000915194, 0.00853787, -0.0258833, -0.0126196, 0.0576664, 0;
0.0192566, -0.00312825, 0.00903532, -0.0380933, -0.0132647, 0.0502555, 0;
0.0204607, -0.00308907, 0.0119517, -0.050735, -0.0131157, 0.0495591, 0;
0.0198047, -0.00417039, 0.0112729, -0.0596046, -0.0135967, 0.0585085, 0;
0.01948, -0.00393825, 0.0110458, -0.0673403, -0.0164314, 0.0629035, 0;
0.0203243, -0.00446021, 0.0116084, -0.0761158, -0.0168553, 0.0642544, 0;
0.0212129, -0.0051784, 0.0118223, -0.0820239, -0.0170952, 0.0693488, 0;
0.0233786, -0.00307834, 0.0111112, -0.0893753, -0.0231235, 0.0670259, 0;
0.0263462, 0.000306215, 0.012284, -0.0957383, -0.0242563, 0.0674208, 0;
0.0240095, 0.00327329, 0.0127327, -0.102108, -0.0304314, 0.0685157, 0;
0.0215872, 0.00555864, 0.0128425, -0.109745, -0.0437523, 0.0648447, 0;
0.0194851, 0.00618544, 0.0121944, -0.115276, -0.0519045, 0.0673153, 0;
0.0210281, 0.00922063, 0.0134267, -0.120552, -0.0603487, 0.0693309, 0;
0.0200268, 0.0100634, 0.0113747, -0.121976, -0.0623015, 0.0731662, 0;
0.0188492, 0.0101878, 0.010394, -0.12319, -0.0539705, 0.0722739, 0;
0.0187312, 0.0130156, 0.00921865, -0.123556, -0.0474735, 0.0715909, 0;
0.0164254, 0.0160698, 0.00789538, -0.126071, -0.034755, 0.0647204, 0;
0.0133416, 0.0190581, 0.00660148, -0.128617, -0.022604, 0.0551043, 0;
0.0110153, 0.023451, 0.00443467, -0.131037, -0.0170334, 0.0441773, 0;
0.00683297, 0.0219102, 0.00115593, -0.129301, -0.0239827, 0.0389939, 0;
0.00248566, 0.0215791, 0.00140642, -0.12794, -0.0299318, 0.0342927, 0;
-0.00320275, 0.0205244, 0.0032806, -0.126906, -0.028842, 0.0323505, 0;
-0.00995351, 0.0200394, 0.00819337, -0.122502, -0.0293064, 0.0364887, 0;
-0.0155541, 0.0187399, 0.0131001, -0.119236, -0.0287676, 0.040178, 0;
-0.0136879, 0.0182804, 0.0165513, -0.11761, -0.0308666, 0.0414192, 0;
-0.0143967, 0.0206346, 0.0197882, -0.113799, -0.0385084, 0.0439974, 0;
-0.0113413, 0.0236184, 0.0192652, -0.111139, -0.0423326, 0.0452091, 0;
-0.00819813, 0.0273388, 0.0194458, -0.109048, -0.0485692, 0.0419951, 0;
-0.00429211, 0.031429, 0.019895, -0.106073, -0.0440855, 0.0422412, 0;
-0.000481408, 0.0330078, 0.0197833, -0.101454, -0.0314204, 0.0453655, 0;
0.00200344, 0.0358692, 0.0202238, -0.0993489, -0.0211472, 0.0430831, 0;
0.000687615, 0.035175, 0.0201848, -0.0956779, -0.0140937, 0.0458619, 0;
0.00375793, 0.0343936, 0.019387, -0.093106, -0.0103847, 0.0462016, 0;
0.0052567, 0.0304471, 0.0173047, -0.0910375, -0.0110625, 0.0481339, 0;
0.00558745, 0.0280704, 0.0144527, -0.0899871, -0.0149045, 0.0495841, 0;
0.00536198, 0.0259555, 0.0123448, -0.0893333, -0.0145011, 0.0510124, 0;
0.00866904, 0.0248063, 0.0116557, -0.0893189, -0.0166599, 0.0494527, 0;
0.0114081, 0.022174, 0.011477, -0.0903057, -0.0184815, 0.0486543, 0;
0.0124349, 0.0197782, 0.012556, -0.0896061, -0.0212289, 0.0532686, 0;
0.0133033, 0.0184375, 0.0147054, -0.089493, -0.0239093, 0.0597829, 0;
0.0155236, 0.0189783, 0.0175575, -0.0889696, -0.0259054, 0.0652446, 0;
0.0168742, 0.0175762, 0.0210991, -0.0884904, -0.0293278, 0.0685338, 0;
0.0192849, 0.0177632, 0.0220793, -0.0887666, -0.0326215, 0.0688364, 0;
0.0195759, 0.0168861, 0.0247023, -0.0888286, -0.0328647, 0.0690261, 0;
0.0211288, 0.0172058, 0.0248922, -0.0890073, -0.0319102, 0.0668623, 0;
0.0233806, 0.0188705, 0.0250289, -0.0879262, -0.0318697, 0.0678343, 0;
0.0238115, 0.0196304, 0.0273512, -0.0865801, -0.0322502, 0.070243, 0;
0.0260865, 0.0215247, 0.0239539, -0.0862518, -0.0297788, 0.0729618, 0;
0.0274975, 0.0218832, 0.020307, -0.0854966, -0.0291673, 0.0767924, 0;
0.0287015, 0.0226411, 0.0143784, -0.0835836, -0.0247124, 0.0801973, 0;
0.0304797, 0.024679, 0.0109132, -0.0843658, -0.0155688, 0.0795653, 0;
0.030378, 0.022831, 0.00650856, -0.0848715, -0.00535832, 0.0800663, 0;
0.0329985, 0.0249797, 0.00649685, -0.0812771, -0.00207752, 0.0896596, 0;
0.034889, 0.0229399, 0.00336023, -0.0795712, -0.00601625, 0.0914336, 0;
0.0354862, 0.0224577, 0.00190262, -0.0789884, -0.00977166, 0.0912398, 0;
0.0359628, 0.0212822, -0.00103649, -0.0800841, -0.0201483, 0.0840171, 0;
0.03555, 0.0195775, -0.00137535, -0.0797572, -0.0255425, 0.0833731, 0;
0.0363954, 0.019743, -0.00241204, -0.0775182, -0.0314656, 0.0849008, 0;
0.0363411, 0.0214276, -0.00264985, -0.0764563, -0.0403677, 0.084838, 0;
0.0366834, 0.0224163, -0.0023672, -0.076582, -0.0443394, 0.0812554, 0;
0.0373446, 0.024271, -0.00196665, -0.0798396, -0.0457044, 0.0708119, 0;
0.0376058, 0.0263196, 0.00165302, -0.0804349, -0.044919, 0.0683096, 0;
0.03742, 0.0281027, 0.00192168, -0.0831132, -0.0475863, 0.0590126, 0;
0.0363375, 0.0297377, 0.0020436, -0.082075, -0.046434, 0.0606029, 0;
0.0350353, 0.0301682, 0.00205136, -0.0816795, -0.0390788, 0.0645857, 0;
0.0345327, 0.0321901, -0.000235885, -0.0824378, -0.0284372, 0.0680887, 0;
0.0321673, 0.0343427, 0.00112034, -0.0848093, -0.0204032, 0.0752308, 0;
0.0306393, 0.0362158, 0.00258902, -0.0879311, -0.0152042, 0.0776698, 0;
0.02738, 0.0381497, 0.00422858, -0.0886716, -0.0150468, 0.079844, 0;
0.0280475, 0.0381498, 0.00524257, -0.0889209, -0.0183871, 0.0799139, 0;
0.030251, 0.0393322, 0.00979508, -0.0826493, -0.0201674, 0.0842719, 0;
0.0315165, 0.0358797, 0.0186513, -0.0766712, -0.0237242, 0.0783568, 0;
0.0310899, 0.0334382, 0.0248534, -0.0708411, -0.0274245, 0.073048, 0;
0.0298666, 0.0321418, 0.029439, -0.0652386, -0.0308471, 0.0668087, 0;
0.0287145, 0.0320815, 0.0314006, -0.0657461, -0.0341766, 0.0589544, 0;
0.0298807, 0.0342987, 0.0287211, -0.069263, -0.0393301, 0.0526068, 0;
0.0295536, 0.0348963, 0.0260183, -0.0717872, -0.0386218, 0.0482471, 0;
0.0279704, 0.0352789, 0.0227628, -0.0741179, -0.038251, 0.044221, 0;
0.0267567, 0.0334096, 0.0206679, -0.075721, -0.0399394, 0.0382485, 0;
0.0252449, 0.0318685, 0.0195902, -0.0722807, -0.0378939, 0.0360752, 0;
0.0215459, 0.0325814, 0.0195642, -0.069093, -0.026662, 0.0328636, 0;
0.0189137, 0.0304897, 0.0196942, -0.0672414, -0.0135164, 0.0299639, 0;
0.0137706, 0.0281224, 0.0198639, -0.0637321, -0.00651655, 0.0366678, 0;
0.0136042, 0.0256829, 0.0181077, -0.0620312, -3.82413e-05, 0.0468485, 0;
0.0129362, 0.0247259, 0.0156154, -0.0621164, 0.00403072, 0.0507715, 0;
0.0133522, 0.0212361, 0.0128099, -0.0615333, 0.00958123, 0.0559071, 0;
0.0139006, 0.0207558, 0.00833803, -0.0605862, 0.0120988, 0.0630246, 0;
0.0152367, 0.0172695, 0.00120872, -0.062525, 0.00139439, 0.062732, 0;
0.0175493, 0.0161516, -0.00353497, -0.0644001, -0.0093367, 0.0595212, 0;
0.0201443, 0.0136831, -0.00748059, -0.062684, -0.0150897, 0.0573376, 0;
0.0237915, 0.00967296, -0.0106354, -0.0566014, -0.0223449, 0.0634359, 0;
0.0268729, 0.00851018, -0.012719, -0.0506193, -0.0307797, 0.0716283, 0;
0.0309456, 0.00918041, -0.0127104, -0.0447043, -0.035767, 0.0736304, 0;
0.0350917, 0.008659, -0.00927598, -0.0430625, -0.0423863, 0.0665939, 0;
0.0345738, 0.00811986, -0.00192448, -0.0433477, -0.0418022, 0.0619254, 0;
0.0347885, 0.00963176, 0.00414922, -0.0419525, -0.0407618, 0.0623749, 0;
0.0355095, 0.0129902, 0.00729154, -0.0409722, -0.0424061, 0.0703699, 0;
0.036376, 0.0173354, 0.0112434, -0.0450464, -0.0452781, 0.0727913, 0;
0.0378864, 0.0211895, 0.0144296, -0.0546875, -0.0428698, 0.0673592, 0;
0.0387065, 0.0234709, 0.0174453, -0.0648429, -0.0348033, 0.0602783, 0;
0.0389656, 0.0256464, 0.0219833, -0.0769867, -0.0184148, 0.0469175, 0;
0.0378982, 0.0239248, 0.0247591, -0.0844638, -0.00757435, 0.0390812, 0;
0.0337284, 0.0230335, 0.0280958, -0.086921, 0.000600532, 0.0448591, 0;
0.0327564, 0.0223313, 0.0296466, -0.0916531, 0.0065685, 0.0466436, 0;
0.0309558, 0.0207439, 0.0290051, -0.0940763, 7.16142e-05, 0.0519692, 0;
0.0311494, 0.0194828, 0.0248059, -0.0951994, -0.0118388, 0.0566819, 0;
0.0286139, 0.017675, 0.0236759, -0.0938324, -0.0206274, 0.0635968, 0;
0.0276664, 0.0160798, 0.0200106, -0.0893331, -0.0255147, 0.0720584, 0;
0.028543, 0.0177418, 0.016428, -0.0833224, -0.0287903, 0.0765663, 0;
0.0272909, 0.0145659, 0.0145733, -0.0805044, -0.0310107, 0.070731, 0;
0.0277252, 0.016599, 0.0128461, -0.0771952, -0.0302675, 0.0649645, 0;
0.0292628, 0.0211788, 0.0123438, -0.0763351, -0.0235627, 0.0549324, 0;
0.0274837, 0.0222115, 0.0122472, -0.0765334, -0.0179365, 0.0446046, 0;
0.0253117, 0.0231469, 0.0118199, -0.0749278, -0.0197698, 0.0384093, 0;
0.0256659, 0.0238436, 0.0102828, -0.0730991, -0.0302362, 0.0347823, 0;
0.0248844, 0.0240098, 0.00900521, -0.0705447, -0.0496873, 0.0373678, 0;
0.0235103, 0.0258652, 0.00809417, -0.0702254, -0.0650446, 0.038399, 0;
0.022098, 0.0273261, 0.00707829, -0.06987, -0.07339, 0.0429884, 0;
0.0209077, 0.0272506, 0.00768522, -0.0725404, -0.0857622, 0.0424058, 0;
0.0182483, 0.0275908, 0.00828063, -0.0742741, -0.0906331, 0.0451696, 0;
0.0139013, 0.0293437, 0.00962234, -0.0737331, -0.0832304, 0.059192, 0;
0.00687853, 0.0297089, 0.0111034, -0.0717514, -0.0737988, 0.0713564, 0;
0.000520504, 0.0295177, 0.0143893, -0.0671184, -0.0556048, 0.090853, 0;
-0.00477587, 0.0288041, 0.017851, -0.0664543, -0.0387091, 0.0966292, 0;
-0.00905042, 0.0318578, 0.0187955, -0.0659319, -0.0331895, 0.0965123, 0;
-0.0123032, 0.0328675, 0.0182848, -0.0647576, -0.0269316, 0.0856138, 0;
-0.0105894, 0.0358858, 0.0179279, -0.0586643, -0.0203742, 0.0755944, 0;
-0.0098355, 0.0375632, 0.0174509, -0.052841, -0.0127577, 0.065451, 0;
-0.00831152, 0.034906, 0.0164551, -0.0448332, -0.0135131, 0.0593267, 0;
-0.00639281, 0.0343889, 0.0154472, -0.0352936, -0.0213971, 0.0603465, 0;
-0.00316505, 0.0346967, 0.0148997, -0.026177, -0.030437, 0.0642915, 0;
-0.000726144, 0.0349356, 0.0131949, -0.0194024, -0.0346872, 0.0665583, 0;
0.000439596, 0.034516, 0.011968, -0.0154987, -0.0380431, 0.0646147, 0;
0.000671292, 0.0366046, 0.0113147, -0.0151978, -0.0388667, 0.0576702, 0;
0.00219854, 0.0381936, 0.0102325, -0.0155663, -0.0362718, 0.0445279, 0;
0.000699898, 0.0359932, 0.0117997, -0.0205084, -0.0277546, 0.0215708, 0;
9.92153e-05, 0.0363693, 0.0143, -0.0337604, -0.0111078, -0.0126442, 0;
0.000143221, 0.0347296, 0.0155386, -0.0463349, 0.00239331, -0.0354924, 0;
0.000192156, 0.0305611, 0.0150048, -0.0530998, 0.00534872, -0.036986, 0;
0.000563056, 0.0229571, 0.0122018, -0.0568442, 0.00282734, -0.0228747, 0;
0.00135311, 0.0134538, 0.00990218, -0.0577744, -0.004084, -0.00456187, 0;
0.00137431, 0.00694534, 0.0059232, -0.0597373, -0.010968, 0.00997449, 0;
0.00431692, 0.0012635, 0.00385075, -0.0605191, -0.0167773, 0.0218315, 0;
0.00628768, -0.000875082, 0.0034566, -0.0612403, -0.0204506, 0.0329527, 0;
0.00834733, -0.00167332, 0.00412629, -0.0637587, -0.0167973, 0.0399295, 0;
0.0119766, 0.00105834, 0.004308, -0.0671657, -0.0200459, 0.0425953, 0;
0.0154256, 0.0033141, 0.0061004, -0.0698415, -0.025584, 0.0440154, 0;
0.0155445, 0.00206486, 0.00746482, -0.0732409, -0.0270909, 0.0454301, 0;
0.0168705, 0.00522811, 0.0073644, -0.0765998, -0.0299117, 0.0486927, 0;
0.0158408, 0.00658692, 0.00842609, -0.0784331, -0.0346434, 0.0528595, 0;
0.0143883, 0.00704965, 0.0102052, -0.0822861, -0.0360204, 0.0537059, 0;
0.0119, 0.0101075, 0.0100436, -0.0842182, -0.036464, 0.0543713, 0;
0.00902498, 0.0126938, 0.0113446, -0.0872499, -0.0359646, 0.0511025, 0;
0.00655537, 0.014209, 0.0136158, -0.0897172, -0.0318225, 0.0486206, 0;
0.00414379, 0.0151973, 0.0145826, -0.0897643, -0.0318015, 0.0512246, 0;
0.00166638, 0.0160212, 0.0149174, -0.0898656, -0.0319751, 0.0564447, 0;
2.18057e-05, 0.0160719, 0.0144648, -0.0913585, -0.032423, 0.0561229, 0;
-0.000807459, 0.0153579, 0.014358, -0.0915272, -0.0318668, 0.0571004, 0;
-0.00186521, 0.0132861, 0.0144507, -0.0890537, -0.0323279, 0.061913, 0;
-0.0035596, 0.0125664, 0.0122054, -0.0848872, -0.0362319, 0.0591318, 0;
-0.00255282, 0.00850375, 0.0122052, -0.0775432, -0.0409236, 0.0543872, 0;
-0.00264162, 0.00748635, 0.00981829, -0.0676009, -0.050785, 0.0544987, 0;
-0.00436186, 0.00506655, 0.00782617, -0.0561468, -0.0511448, 0.0601725, 0;
-0.00399794, 0.00236484, 0.00770323, -0.0453544, -0.0503534, 0.0654606, 0;
-0.00485535, 0.00174596, 0.00660021, -0.0394951, -0.0530931, 0.0584411, 0;
-0.00488653, 0.00118187, 0.00608207, -0.0391745, -0.0547239, 0.038136, 0;
-0.00580752, 0.00128744, 0.005513, -0.0373959, -0.0490692, 0.0230734, 0;
-0.00582171, -0.000815775, 0.0062539, -0.0345695, -0.0436174, 0.0163376, 0;
-0.00536469, -0.00213793, 0.00699036, -0.0326879, -0.0369225, 0.0119976, 0;
-0.00349045, -0.00346209, 0.00865263, -0.0286851, -0.0303073, 0.0137606, 0;
-0.00203326, -0.00262983, 0.00910874, -0.0258139, -0.0232799, 0.0157435, 0;
0.00201234, -0.00202418, 0.0100213, -0.024519, -0.0187437, 0.0137001, 0;
0.00558192, -0.00109555, 0.00990405, -0.0227206, -0.0201892, 0.0132587, 0;
0.0104187, 0.00104775, 0.00956122, -0.0207488, -0.0228953, 0.011658, 0;
0.0124542, 0.00223569, 0.00749189, -0.0183862, -0.0251637, 0.0148137, 0;
0.0151975, 0.00323508, 0.00809116, -0.0151456, -0.0270061, 0.0251164, 0;
0.0164517, 0.00466448, 0.00767127, -0.0134742, -0.0264163, 0.033168, 0;
0.0167588, 0.00383126, 0.00832792, -0.0124691, -0.0268841, 0.0375853, 0;
0.0177624, 0.00426206, 0.00929653, -0.0120179, -0.0270901, 0.0397183, 0;
0.0166809, 0.00492891, 0.0101799, -0.0127976, -0.0264419, 0.0387339, 0;
0.0147087, 0.00474377, 0.0102069, -0.0137324, -0.0318903, 0.0377838, 0;
0.0130066, 0.00656979, 0.00991764, -0.0123519, -0.0354271, 0.0391329, 0;
0.0107749, 0.00636508, 0.0100539, -0.013772, -0.0405632, 0.0385168, 0;
0.008636, 0.0105164, 0.00998155, -0.0135692, -0.0407603, 0.041215, 0;
0.0034681, 0.0128597, 0.0112292, -0.0162612, -0.0378136, 0.0381442, 0;
-0.000741691, 0.0150965, 0.0110659, -0.0191489, -0.03428, 0.0365068, 0;
-0.00237793, 0.0170869, 0.0124966, -0.0228843, -0.03204, 0.0295195, 0;
-0.0054685, 0.0168118, 0.0134998, -0.026832, -0.0249915, 0.0201937, 0;
-0.0061456, 0.0189119, 0.0167854, -0.0315157, -0.0159684, 0.0061681, 0;
-0.00606471, 0.0196317, 0.0185801, -0.0349266, -0.000961181, -0.00302085, 0;
-0.00445547, 0.017887, 0.0212794, -0.0338032, 0.00883772, -0.00271239, 0;
0.000566108, 0.0174336, 0.0214365, -0.0322562, 0.0140319, 0.000287145, 0;
0.00402409, 0.0169837, 0.0189552, -0.0292816, 0.0076827, 0.00216311, 0;
0.00472127, 0.0155636, 0.0155284, -0.0238538, 0.0018801, 0.0151784, 0;
0.00617631, 0.0138033, 0.0118661, -0.0185597, -0.00791783, 0.0259592, 0;
0.00750409, 0.012355, 0.00908917, -0.013361, -0.0166844, 0.039603, 0;
0.00689013, 0.01204, 0.00579593, -0.0116841, -0.0242773, 0.044637, 0;
0.00658978, 0.0115497, 0.00447042, -0.0126053, -0.0231852, 0.0415485, 0;
0.00450305, 0.0110599, 0.00527534, -0.0148226, -0.018235, 0.0353622, 0;
0.00405189, 0.015773, 0.00555643, -0.0157342, -0.0201111, 0.031646, 0;
0.00268722, 0.0167151, 0.00569044, -0.0149862, -0.0195825, 0.0338828, 0;
0.00122562, 0.0164587, 0.00682942, -0.0160973, -0.0135689, 0.0314653, 0;
-0.000530033, 0.0156834, 0.00855829, -0.0162907, -0.00700444, 0.030966, 0;
-0.000781786, 0.0169266, 0.0105978, -0.015058, -0.00409611, 0.0302435, 0;
-0.00205827, 0.0174184, 0.0102798, -0.0126638, -0.00440338, 0.0339836, 0;
-0.00206716, 0.0191759, 0.0118936, -0.0115878, -0.00765004, 0.0348685, 0;
-0.00315207, 0.0193481, 0.0101384, -0.0106049, -0.0149713, 0.0350641, 0;
-0.00508668, 0.0203675, 0.0100573, -0.0121495, -0.0207294, 0.0291438, 0;
-0.00755784, 0.0188847, 0.0111697, -0.0172854, -0.0233493, 0.0173379, 0;
-0.00990365, 0.0184448, 0.0114503, -0.0226675, -0.0215177, 0.0019748, 0;
-0.0102582, 0.0181632, 0.0119293, -0.026496, -0.0181253, -0.00537147, 0;
-0.00998141, 0.0175617, 0.012912, -0.0261243, -0.0185158, -0.00283555, 0;
-0.0101757, 0.0156185, 0.014057, -0.024079, -0.01756, 0.00510387, 0;
-0.00982168, 0.0132704, 0.0156472, -0.023643, -0.0155734, 0.0090266, 0;
-0.00696974, 0.0117304, 0.0165051, -0.0223286, -0.0167978, 0.0146489, 0;
-0.00645045, 0.0115923, 0.016524, -0.0211369, -0.0121068, 0.0201444, 0;
-0.00630197, 0.0115648, 0.0166266, -0.022156, -0.00394235, 0.0259334, 0;
-0.00669029, 0.0117103, 0.0160631, -0.0269255, -0.0021673, 0.0324719, 0;
-0.00564046, 0.0131304, 0.0137541, -0.0363386, -0.0049384, 0.0351289, 0;
-0.00556751, 0.0149049, 0.0116395, -0.0446737, -0.00603281, 0.0414349, 0;
-0.00348898, 0.0163781, 0.0106647, -0.0531092, -0.00791186, 0.045642, 0;
-0.00443246, 0.0180605, 0.00798735, -0.0613007, -0.0130942, 0.0496997, 0;
-0.00498473, 0.0176675, 0.00681357, -0.0704126, -0.0193012, 0.0533434, 0;
-0.00464589, 0.0188004, 0.00574212, -0.0776981, -0.0279349, 0.0604616, 0;
-0.0033686, 0.0187722, 0.0031315, -0.0840551, -0.0415117, 0.0659604, 0;
-0.00364395, 0.0198202, 0.000886932, -0.0867806, -0.05323, 0.0729179, 0;
-0.00543908, 0.0198912, 0.00041065, -0.0873734, -0.0564848, 0.0782341, 0;
-0.00787667, 0.0188535, 0.00157181, -0.0881249, -0.053567, 0.0787016, 0;
-0.00747476, 0.0183005, 0.00259132, -0.0877984, -0.051222, 0.0790334, 0;
-0.0100186, 0.0159162, 0.00540392, -0.0894131, -0.0457229, 0.0715353, 0;
-0.012057, 0.0141072, 0.00673378, -0.0898679, -0.0422118, 0.068384, 0;
-0.0160869, 0.0105706, 0.00879278, -0.0931168, -0.0428329, 0.0591275, 0;
-0.0164735, 0.00718468, 0.0101086, -0.0988128, -0.0445342, 0.0462012, 0;
-0.0179038, 0.00380347, 0.0113778, -0.100149, -0.0452495, 0.0409192, 0;
-0.019333, -0.000600219, 0.0131943, -0.100589, -0.0454963, 0.0393949, 0;
-0.0184617, -0.00447304, 0.0143129, -0.0987076, -0.0485224, 0.041319, 0;
-0.0169499, -0.00780498, 0.0145569, -0.0951958, -0.0505269, 0.0419037, 0;
-0.0138465, -0.00829622, 0.014444, -0.0887185, -0.0500048, 0.0363995, 0;
-0.0100832, -0.0103713, 0.0147433, -0.0781481, -0.0458135, 0.0376278, 0;
-0.00829197, -0.0113558, 0.0150932, -0.069162, -0.0424693, 0.0371684, 0;
-0.0052841, -0.00832824, 0.0137915, -0.0611509, -0.0400914, 0.0365897, 0;
-0.00456879, -0.00664679, 0.0130172, -0.0541705, -0.0397242, 0.0330997, 0;
-0.00257734, -0.00342015, 0.0126024, -0.0487871, -0.0389731, 0.0270321, 0;
-0.00110318, -0.00323827, 0.0137227, -0.0431243, -0.0330572, 0.0296078, 0;
0.000274335, -0.000844756, 0.015212, -0.0382313, -0.024945, 0.0302753, 0;
0.000819446, 0.00122412, 0.0155896, -0.0332095, -0.0226698, 0.0339524, 0;
0.000927022, 0.00454298, 0.0149953, -0.0291446, -0.02198, 0.033595, 0;
0.00131008, 0.00909558, 0.0128642, -0.0251321, -0.0241363, 0.0345145, 0;
-1.07288e-05, 0.0125996, 0.0109538, -0.0200132, -0.0278655, 0.0383645, 0;
-0.00160726, 0.0170465, 0.0108701, -0.0151523, -0.0312252, 0.0435197, 0;
-0.00190433, 0.0197698, 0.0141902, -0.012322, -0.0353867, 0.0468148, 0;
-0.00488484, 0.0214059, 0.0176122, -0.0134402, -0.0343318, 0.0427295, 0;
-0.00676526, 0.0218436, 0.0182968, -0.016036, -0.0342803, 0.0376111, 0;
-0.00990668, 0.0248399, 0.0160929, -0.0168073, -0.0353525, 0.0332282, 0;
-0.0151475, 0.0232328, 0.0118191, -0.017493, -0.0315562, 0.0344771, 0;
-0.0147572, 0.0237114, 0.0083231, -0.0193474, -0.0278824, 0.0330546, 0;
-0.015703, 0.0230877, 0.00108982, -0.0224724, -0.0294409, 0.0304107, 0;
-0.0127209, 0.0233158, -0.00244009, -0.0226092, -0.0284254, 0.0320606, 0;
-0.0100636, 0.0232848, -0.00589615, -0.0237038, -0.0273715, 0.0307968, 0;
-0.00672136, 0.0248139, -0.00726013, -0.0254754, -0.0275149, 0.0296134, 0;
-0.00386437, 0.0261363, -0.00659634, -0.0283027, -0.0292862, 0.0257713, 0;
-0.00106438, 0.025285, -0.00358134, -0.0302596, -0.0280637, 0.0241643, 0;
0.00120656, 0.0254161, 0.000716757, -0.0308282, -0.027619, 0.0261594, 0;
0.00234226, 0.0265144, 0.00871127, -0.0321966, -0.0234533, 0.0271233, 0;
0.00175182, 0.0249092, 0.0158716, -0.034593, -0.0256466, 0.0247415, 0;
0.0034445, 0.0247928, 0.0192557, -0.03356, -0.0275779, 0.0318722, 0;
0.00249558, 0.0231121, 0.0217185, -0.0357524, -0.0295433, 0.0307843, 0;
0.00332636, 0.0230111, 0.0217162, -0.037491, -0.0305874, 0.031486, 0;
0.00373551, 0.0206262, 0.0199381, -0.0393853, -0.0353406, 0.034072, 0;
0.00347682, 0.0193947, 0.015807, -0.0426369, -0.037617, 0.0325238, 0;
0.00174266, 0.0181153, 0.0125048, -0.0447135, -0.0357674, 0.0309666, 0;
0.00132492, 0.0146312, 0.00763706, -0.0452953, -0.0334947, 0.030976, 0;
0.00114066, 0.0131436, 0.00589276, -0.0444573, -0.0316514, 0.0324063, 0;
0.000330003, 0.0115481, 0.00399785, -0.0464238, -0.0326665, 0.024725, 0;
-0.00216683, 0.0113145, 0.00582638, -0.046542, -0.0310068, 0.0211776, 0;
